# Animator/Utility
Contains useful script that will help you

## Tools
* KeyframeSequence-To-AnimationData - Turn KeyframeSequence into AnimationData
* AccessoryWeld-To-Motor6D - Turn AccessoryWeld into Motor6D

## Data Structure

```lua

-- Pose Data

{
	Name: string,
	CFrame: CFrame,
	EasingDirection: Enum.EasingDirection,
	EasingStyle: Enum.EasingStyle,
	Weight: number,
	Subpose?: {} -- Array of Pose Data
}

-- Marker Data

"Marker Name" = {
	Value: any
}

-- Frame Data

{
	Name:string,
	Time:number,
	Pose: {}, -- Array of Pose data
	Marker?: {} -- Array of Marker Data
}

-- Animation Data

{
	Loop:bool,
	Priority:Enum.AnimationPriority,
	Frames: {} -- Array of Frame Data
}

-- Example


-- Modified Roblox R6 Idle
{
    Loop = true,
    Frames = {
        {
            Pose = {
                {
                    EasingStyle = Enum.EasingStyle.Linear,
                    Name = "HumanoidRootPart",
                    Weight = 1,
                    CFrame = CFrame.new(0, 0, 0, 1, 0, 0, 0, 1, 0, 0, 0, 1),
                    Subpose = {
                        {
                            EasingStyle = Enum.EasingStyle.Linear,
                            Name = "Torso",
                            Weight = 1,
                            CFrame = CFrame.new(0, 0, 0, 1, 0, 0, 0, 1, 0, 0, 0, 1),
                            Subpose = {
                                {
                                    EasingStyle = Enum.EasingStyle.Linear,
                                    Name = "Left Leg",
                                    Weight = 1,
                                    CFrame = CFrame.new(0, -1.78813934e-07, 0, 1, 0, 0, 0, 0.999999762, 0, 0, 0, 1),
                                    EasingDirection = Enum.EasingDirection.In
                                },
                                {
                                    EasingStyle = Enum.EasingStyle.Linear,
                                    Name = "Right Leg",
                                    Weight = 1,
                                    CFrame = CFrame.new(0, -1.78813934e-07, 0, 1, 0, 0, 0, 0.999999762, 0, 0, 0, 1),
                                    EasingDirection = Enum.EasingDirection.In
                                },
                                {
                                    EasingStyle = Enum.EasingStyle.Linear,
                                    Name = "Left Arm",
                                    Weight = 1,
                                    CFrame = CFrame.new(-6.55185431e-07, -0.00310271978, -2.38418579e-07, 0.999970019, 0.000907999871, -0.0076489998, -0.000906999863, 0.999999762, 0.000198999973, 0.00765000004, -0.000191999978, 0.999970973),
                                    EasingDirection = Enum.EasingDirection.In
                                },
                                {
                                    EasingStyle = Enum.EasingStyle.Linear,
                                    Name = "Right Arm",
                                    Weight = 1,
                                    CFrame = CFrame.new(-3.29775503e-07, 2.56001949e-05, -5.96046448e-07, 1, 0.000557999883, -0.000220000002, -0.000557999883, 0.999998748, 0.00100899977, 0.000220999995, -0.00100899977, 1),
                                    EasingDirection = Enum.EasingDirection.In
                                },
                                {
                                    EasingStyle = Enum.EasingStyle.Linear,
                                    Name = "Head",
                                    Weight = 1,
                                    CFrame = CFrame.new(-2.08169997e-08, 0, 0, 1, -0.000257000007, 0, 0.000257000007, 1, 0.000161999997, 0, -0.000161999997, 1),
                                    EasingDirection = Enum.EasingDirection.In
                                }
                            },
                            EasingDirection = Enum.EasingDirection.In
                        }
                    },
                    EasingDirection = Enum.EasingDirection.In
                }
            },
            Name = "Keyframe",
            Time = 0
        },
        {
            Pose = {
                {
                    EasingStyle = Enum.EasingStyle.Linear,
                    Name = "HumanoidRootPart",
                    Weight = 1,
                    CFrame = CFrame.new(0, 0, 0, 1, 0, 0, 0, 1, 0, 0, 0, 1),
                    Subpose = {
                        {
                            EasingStyle = Enum.EasingStyle.Linear,
                            Name = "Torso",
                            Weight = 1,
                            CFrame = CFrame.new(0, 0, -0.00182999996, 1, 0, 0, 0, 1, 0, 0, 0, 1),
                            Subpose = {
                                {
                                    EasingStyle = Enum.EasingStyle.Linear,
                                    Name = "Left Leg",
                                    Weight = 1,
                                    CFrame = CFrame.new(0, 0.00169575214, 0, 1, 0, 0, 0, 0.999999762, 0, 0, 0, 1),
                                    EasingDirection = Enum.EasingDirection.In
                                },
                                {
                                    EasingStyle = Enum.EasingStyle.Linear,
                                    Name = "Right Leg",
                                    Weight = 1,
                                    CFrame = CFrame.new(0, 0.0013667345, 0, 1, 0, 0, 0, 0.999999762, 0, 0, 0, 1),
                                    EasingDirection = Enum.EasingDirection.In
                                },
                                {
                                    EasingStyle = Enum.EasingStyle.Linear,
                                    Name = "Left Arm",
                                    Weight = 1,
                                    CFrame = CFrame.new(-2.31331796e-07, 0.00769022107, 0, 0.999998987, -0.00127399981, -0.000957000011, 0.00127499981, 0.999998748, 0.00110299978, 0.000956000003, -0.00110399979, 0.999998987),
                                    EasingDirection = Enum.EasingDirection.In
                                },
                                {
                                    EasingStyle = Enum.EasingStyle.Linear,
                                    Name = "Right Arm",
                                    Weight = 1,
                                    CFrame = CFrame.new(3.67872417e-07, 0.00413259864, -5.96046448e-08, 0.999984026, 0.00389499962, -0.00420500012, -0.00387799949, 0.999984741, 0.00389099959, 0.00422, -0.00387399946, 0.999984026),
                                    EasingDirection = Enum.EasingDirection.In
                                },
                                {
                                    EasingStyle = Enum.EasingStyle.Linear,
                                    Name = "Head",
                                    Weight = 1,
                                    CFrame = CFrame.new(-1.03089491e-07, 1.16415322e-10, -3.27825546e-07, 1, 0.000308999995, 0, -0.000308999995, 0.99999702, 0.002569, 9.99999997e-07, -0.002569, 0.99999702),
                                    EasingDirection = Enum.EasingDirection.In
                                }
                            },
                            EasingDirection = Enum.EasingDirection.In
                        }
                    },
                    EasingDirection = Enum.EasingDirection.In
                }
            },
            Name = "Keyframe",
            Time = 0.050000000745058
        },
        {
            Pose = {
                {
                    EasingStyle = Enum.EasingStyle.Linear,
                    Name = "HumanoidRootPart",
                    Weight = 1,
                    CFrame = CFrame.new(0, 0, 0, 1, 0, 0, 0, 1, 0, 0, 0, 1),
                    Subpose = {
                        {
                            EasingStyle = Enum.EasingStyle.Linear,
                            Name = "Torso",
                            Weight = 1,
                            CFrame = CFrame.new(0, 0, -0.00392800011, 1, 0, 0, 0, 1, 0, 0, 0, 1),
                            Subpose = {
                                {
                                    EasingStyle = Enum.EasingStyle.Linear,
                                    Name = "Left Leg",
                                    Weight = 1,
                                    CFrame = CFrame.new(0, 0.00363874435, 0, 1, 0, 0, 0, 0.999999762, 0, 0, 0, 1),
                                    EasingDirection = Enum.EasingDirection.In
                                },
                                {
                                    EasingStyle = Enum.EasingStyle.Linear,
                                    Name = "Right Leg",
                                    Weight = 1,
                                    CFrame = CFrame.new(0, 0.00293374062, 0, 1, 0, 0, 0, 0.999999762, 0, 0, 0, 1),
                                    EasingDirection = Enum.EasingDirection.In
                                },
                                {
                                    EasingStyle = Enum.EasingStyle.Linear,
                                    Name = "Left Arm",
                                    Weight = 1,
                                    CFrame = CFrame.new(6.0768798e-08, 0.01106444, 0, 0.99999702, -0.00223199953, 0.00132100005, 0.00222899951, 0.999994755, 0.00206799945, -0.00132599997, -0.00206499943, 0.99999702),
                                    EasingDirection = Enum.EasingDirection.In
                                },
                                {
                                    EasingStyle = Enum.EasingStyle.Linear,
                                    Name = "Right Arm",
                                    Weight = 1,
                                    CFrame = CFrame.new(-4.12575901e-07, 0.00589865446, -2.98023224e-07, 0.999967992, 0.00473999884, -0.00641799998, -0.00470399903, 0.999971747, 0.00575599913, 0.00644499995, -0.0057259989, 0.999962986),
                                    EasingDirection = Enum.EasingDirection.In
                                },
                                {
                                    EasingStyle = Enum.EasingStyle.Linear,
                                    Name = "Head",
                                    Weight = 1,
                                    CFrame = CFrame.new(2.23423967e-07, 6.98491931e-10, -1.49011612e-07, 1, 0.000647999987, 0, -0.000647999987, 0.999993026, 0.00377600011, 1.99999999e-06, -0.00377600011, 0.999993026),
                                    EasingDirection = Enum.EasingDirection.In
                                }
                            },
                            EasingDirection = Enum.EasingDirection.In
                        }
                    },
                    EasingDirection = Enum.EasingDirection.In
                }
            },
            Name = "Keyframe",
            Time = 0.10000000149012
        },
        {
            Pose = {
                {
                    EasingStyle = Enum.EasingStyle.Linear,
                    Name = "HumanoidRootPart",
                    Weight = 1,
                    CFrame = CFrame.new(0, 0, 0, 1, 0, 0, 0, 1, 0, 0, 0, 1),
                    Subpose = {
                        {
                            EasingStyle = Enum.EasingStyle.Linear,
                            Name = "Torso",
                            Weight = 1,
                            CFrame = CFrame.new(0, 0, -0.00981099997, 1, 0, 0, 0, 1, 0, 0, 0, 1),
                            Subpose = {
                                {
                                    EasingStyle = Enum.EasingStyle.Linear,
                                    Name = "Left Leg",
                                    Weight = 1,
                                    CFrame = CFrame.new(0, 0.00908774137, 0, 1, 0, 0, 0, 0.999999762, 0, 0, 0, 1),
                                    EasingDirection = Enum.EasingDirection.In
                                },
                                {
                                    EasingStyle = Enum.EasingStyle.Linear,
                                    Name = "Right Leg",
                                    Weight = 1,
                                    CFrame = CFrame.new(0, 0.00732678175, 0, 1, 0, 0, 0, 0.999999762, 0, 0, 0, 1),
                                    EasingDirection = Enum.EasingDirection.In
                                },
                                {
                                    EasingStyle = Enum.EasingStyle.Linear,
                                    Name = "Left Arm",
                                    Weight = 1,
                                    CFrame = CFrame.new(-1.42725185e-07, 0.0151169896, 3.57627869e-07, 0.99998498, -0.00369899953, 0.00408300012, 0.00368099962, 0.999983788, 0.00430999929, -0.00409899978, -0.00429499894, 0.999981999),
                                    EasingDirection = Enum.EasingDirection.In
                                },
                                {
                                    EasingStyle = Enum.EasingStyle.Linear,
                                    Name = "Right Arm",
                                    Weight = 1,
                                    CFrame = CFrame.new(-2.69152224e-07, 0.00829565525, -6.55651093e-07, 0.999936998, 0.00549599901, -0.00974899996, -0.00540899904, 0.999944746, 0.00894699804, 0.00979799964, -0.00889399834, 0.999912977),
                                    EasingDirection = Enum.EasingDirection.In
                                },
                                {
                                    EasingStyle = Enum.EasingStyle.Linear,
                                    Name = "Head",
                                    Weight = 1,
                                    CFrame = CFrame.new(-1.39858003e-07, 2.32830644e-09, -5.66244125e-07, 0.999998987, 0.00130300003, 0, -0.00130300003, 0.999981999, 0.00592500018, 7.99999998e-06, -0.00592500018, 0.999983013),
                                    EasingDirection = Enum.EasingDirection.In
                                }
                            },
                            EasingDirection = Enum.EasingDirection.In
                        }
                    },
                    EasingDirection = Enum.EasingDirection.In
                }
            },
            Name = "Keyframe",
            Time = 0.15000000596046
        },
        {
            Marker = {
                ThisIs = {
                    {
                        Value = "AnExample"
                    }
                }
            },
            Pose = {
                {
                    EasingStyle = Enum.EasingStyle.Linear,
                    Name = "HumanoidRootPart",
                    Weight = 1,
                    CFrame = CFrame.new(0, 0, 0, 1, 0, 0, 0, 1, 0, 0, 0, 1),
                    Subpose = {
                        {
                            EasingStyle = Enum.EasingStyle.Linear,
                            Name = "Torso",
                            Weight = 1,
                            CFrame = CFrame.new(0, 0, -0.013305, 1, 0, 0, 0, 1, 0, 0, 0, 1),
                            Subpose = {
                                {
                                    EasingStyle = Enum.EasingStyle.Linear,
                                    Name = "Left Leg",
                                    Weight = 1,
                                    CFrame = CFrame.new(0, 0.0123237371, 0, 1, 0, 0, 0, 0.999999762, 0, 0, 0, 1),
                                    EasingDirection = Enum.EasingDirection.In
                                },
                                {
                                    EasingStyle = Enum.EasingStyle.Linear,
                                    Name = "Right Leg",
                                    Weight = 1,
                                    CFrame = CFrame.new(0, 0.00993573666, 0, 1, 0, 0, 0, 0.999999762, 0, 0, 0, 1),
                                    EasingDirection = Enum.EasingDirection.In
                                },
                                {
                                    EasingStyle = Enum.EasingStyle.Linear,
                                    Name = "Left Arm",
                                    Weight = 1,
                                    CFrame = CFrame.new(-2.00234354e-07, 0.0158981383, -3.57627869e-07, 0.999980986, -0.00412699906, 0.00459899986, 0.00410299888, 0.999977767, 0.00525599904, -0.00461999979, -0.00523699913, 0.999975979),
                                    EasingDirection = Enum.EasingDirection.In
                                },
                                {
                                    EasingStyle = Enum.EasingStyle.Linear,
                                    Name = "Right Arm",
                                    Weight = 1,
                                    CFrame = CFrame.new(-1.05239451e-07, 0.00862297416, 3.57627869e-07, 0.999934018, 0.005371999, -0.0101490002, -0.00527299894, 0.999938786, 0.00975599792, 0.0102009997, -0.00970099773, 0.999900997),
                                    EasingDirection = Enum.EasingDirection.In
                                },
                                {
                                    EasingStyle = Enum.EasingStyle.Linear,
                                    Name = "Head",
                                    Weight = 1,
                                    CFrame = CFrame.new(-2.29795205e-07, 5.12227416e-09, 1.49011612e-07, 0.999998987, 0.001559, 0, -0.001559, 0.999975979, 0.00676100003, 1.10000001e-05, -0.00676100003, 0.999976993),
                                    EasingDirection = Enum.EasingDirection.In
                                }
                            },
                            EasingDirection = Enum.EasingDirection.In
                        }
                    },
                    EasingDirection = Enum.EasingDirection.In
                }
            },
            Name = "Keyframe",
            Time = 0.20000000298023
        },
        {
            Pose = {
                {
                    EasingStyle = Enum.EasingStyle.Linear,
                    Name = "HumanoidRootPart",
                    Weight = 1,
                    CFrame = CFrame.new(0, 0, 0, 1, 0, 0, 0, 1, 0, 0, 0, 1),
                    Subpose = {
                        {
                            EasingStyle = Enum.EasingStyle.Linear,
                            Name = "Torso",
                            Weight = 1,
                            CFrame = CFrame.new(0, 0, -0.0206470005, 1, 0, 0, 0, 1, 0, 0, 0, 1),
                            Subpose = {
                                {
                                    EasingStyle = Enum.EasingStyle.Linear,
                                    Name = "Left Leg",
                                    Weight = 1,
                                    CFrame = CFrame.new(0, 0.0191247463, 0, 1, 0, 0, 0, 0.999999762, 0, 0, 0, 1),
                                    EasingDirection = Enum.EasingDirection.In
                                },
                                {
                                    EasingStyle = Enum.EasingStyle.Linear,
                                    Name = "Right Leg",
                                    Weight = 1,
                                    CFrame = CFrame.new(0, 0.0154187679, 0, 1, 0, 0, 0, 0.999999762, 0, 0, 0, 1),
                                    EasingDirection = Enum.EasingDirection.In
                                },
                                {
                                    EasingStyle = Enum.EasingStyle.Linear,
                                    Name = "Left Arm",
                                    Weight = 1,
                                    CFrame = CFrame.new(4.51691449e-08, 0.0146181285, 5.96046448e-08, 0.99998498, -0.0041019991, 0.00376200001, 0.00407899916, 0.999973774, 0.00602699909, -0.00378699997, -0.00601099897, 0.999975026),
                                    EasingDirection = Enum.EasingDirection.In
                                },
                                {
                                    EasingStyle = Enum.EasingStyle.Linear,
                                    Name = "Right Arm",
                                    Weight = 1,
                                    CFrame = CFrame.new(2.27708369e-07, 0.00702494383, -2.98023224e-07, 0.999961019, 0.00371299963, -0.00797300041, -0.00363799953, 0.99994874, 0.00941199809, 0.0080070002, -0.00938299857, 0.999924004),
                                    EasingDirection = Enum.EasingDirection.In
                                },
                                {
                                    EasingStyle = Enum.EasingStyle.Linear,
                                    Name = "Head",
                                    Weight = 1,
                                    CFrame = CFrame.new(-1.4819625e-07, 8.61473382e-09, 4.17232513e-07, 0.999997973, 0.00178199995, 0, -0.00178199995, 0.999969006, 0.00768999988, 1.40000002e-05, -0.00768999988, 0.999970019),
                                    EasingDirection = Enum.EasingDirection.In
                                }
                            },
                            EasingDirection = Enum.EasingDirection.In
                        }
                    },
                    EasingDirection = Enum.EasingDirection.In
                }
            },
            Name = "Keyframe",
            Time = 0.25
        },
        {
            Pose = {
                {
                    EasingStyle = Enum.EasingStyle.Linear,
                    Name = "HumanoidRootPart",
                    Weight = 1,
                    CFrame = CFrame.new(0, 0, 0, 1, 0, 0, 0, 1, 0, 0, 0, 1),
                    Subpose = {
                        {
                            EasingStyle = Enum.EasingStyle.Linear,
                            Name = "Torso",
                            Weight = 1,
                            CFrame = CFrame.new(0, 0, -0.0274420008, 1, 0, 0, 0, 1, 0, 0, 0, 1),
                            Subpose = {
                                {
                                    EasingStyle = Enum.EasingStyle.Linear,
                                    Name = "Left Leg",
                                    Weight = 1,
                                    CFrame = CFrame.new(0, 0.0254197717, 0, 1, 0, 0, 0, 0.999999762, 0, 0, 0, 1),
                                    EasingDirection = Enum.EasingDirection.In
                                },
                                {
                                    EasingStyle = Enum.EasingStyle.Linear,
                                    Name = "Right Leg",
                                    Weight = 1,
                                    CFrame = CFrame.new(0, 0.0204937458, 0, 1, 0, 0, 0, 0.999999762, 0, 0, 0, 1),
                                    EasingDirection = Enum.EasingDirection.In
                                },
                                {
                                    EasingStyle = Enum.EasingStyle.Linear,
                                    Name = "Left Arm",
                                    Weight = 1,
                                    CFrame = CFrame.new(-2.04425305e-07, 0.00869509578, -2.38418579e-07, 0.999996006, -0.00281899958, 1.40000002e-05, 0.00281899958, 0.999978781, 0.00586799905, -2.99999992e-05, -0.00586799905, 0.999983013),
                                    EasingDirection = Enum.EasingDirection.In
                                },
                                {
                                    EasingStyle = Enum.EasingStyle.Linear,
                                    Name = "Right Arm",
                                    Weight = 1,
                                    CFrame = CFrame.new(-5.36791049e-07, 0.00346282125, -1.78813934e-07, 0.99999398, 0.000580999884, -0.00329599995, -0.000555999868, 0.99996978, 0.00771999918, 0.00330099999, -0.00771799916, 0.999965012),
                                    EasingDirection = Enum.EasingDirection.In
                                },
                                {
                                    EasingStyle = Enum.EasingStyle.Linear,
                                    Name = "Head",
                                    Weight = 1,
                                    CFrame = CFrame.new(2.43891463e-07, 3.49245965e-09, -3.87430191e-07, 0.999998987, 0.00144400005, 0, -0.00144400005, 0.999972999, 0.00726300012, 9.99999975e-06, -0.00726300012, 0.999974012),
                                    EasingDirection = Enum.EasingDirection.In
                                }
                            },
                            EasingDirection = Enum.EasingDirection.In
                        }
                    },
                    EasingDirection = Enum.EasingDirection.In
                }
            },
            Name = "Keyframe",
            Time = 0.30000001192093
        },
        {
            Pose = {
                {
                    EasingStyle = Enum.EasingStyle.Linear,
                    Name = "HumanoidRootPart",
                    Weight = 1,
                    CFrame = CFrame.new(0, 0, 0, 1, 0, 0, 0, 1, 0, 0, 0, 1),
                    Subpose = {
                        {
                            EasingStyle = Enum.EasingStyle.Linear,
                            Name = "Torso",
                            Weight = 1,
                            CFrame = CFrame.new(0, 0, -0.0302590001, 1, 0, 0, 0, 1, 0, 0, 0, 1),
                            Subpose = {
                                {
                                    EasingStyle = Enum.EasingStyle.Linear,
                                    Name = "Left Leg",
                                    Weight = 1,
                                    CFrame = CFrame.new(0, 0.0280287862, 0, 1, 0, 0, 0, 0.999999762, 0, 0, 0, 1),
                                    EasingDirection = Enum.EasingDirection.In
                                },
                                {
                                    EasingStyle = Enum.EasingStyle.Linear,
                                    Name = "Right Leg",
                                    Weight = 1,
                                    CFrame = CFrame.new(0, 0.0225967765, 0, 1, 0, 0, 0, 0.999999762, 0, 0, 0, 1),
                                    EasingDirection = Enum.EasingDirection.In
                                },
                                {
                                    EasingStyle = Enum.EasingStyle.Linear,
                                    Name = "Left Arm",
                                    Weight = 1,
                                    CFrame = CFrame.new(4.12197551e-07, 0.00434982777, 1.1920929e-07, 0.999994993, -0.00184999977, -0.00274299993, 0.00186599977, 0.999981761, 0.00569399912, 0.00273200008, -0.00569899892, 0.999979973),
                                    EasingDirection = Enum.EasingDirection.In
                                },
                                {
                                    EasingStyle = Enum.EasingStyle.Linear,
                                    Name = "Right Arm",
                                    Weight = 1,
                                    CFrame = CFrame.new(-2.55327905e-07, 0.00131368637, -5.96046448e-08, 0.999998987, -0.0012429998, -0.000502999988, 0.00124599983, 0.999976754, 0.00660099927, 0.000494999986, -0.00660199905, 0.999978006),
                                    EasingDirection = Enum.EasingDirection.In
                                },
                                {
                                    EasingStyle = Enum.EasingStyle.Linear,
                                    Name = "Head",
                                    Weight = 1,
                                    CFrame = CFrame.new(-6.40611688e-08, 4.65661287e-10, -3.27825546e-07, 1, 0.00105299999, 0, -0.00105299999, 0.999978006, 0.00652599987, 7.0000001e-06, -0.00652599987, 0.999979019),
                                    EasingDirection = Enum.EasingDirection.In
                                }
                            },
                            EasingDirection = Enum.EasingDirection.In
                        }
                    },
                    EasingDirection = Enum.EasingDirection.In
                }
            },
            Name = "Keyframe",
            Time = 0.34999999403954
        },
        {
            Pose = {
                {
                    EasingStyle = Enum.EasingStyle.Linear,
                    Name = "HumanoidRootPart",
                    Weight = 1,
                    CFrame = CFrame.new(0, 0, 0, 1, 0, 0, 0, 1, 0, 0, 0, 1),
                    Subpose = {
                        {
                            EasingStyle = Enum.EasingStyle.Linear,
                            Name = "Torso",
                            Weight = 1,
                            CFrame = CFrame.new(0, 0, -0.0340140015, 1, 0, 0, 0, 1, 0, 0, 0, 1),
                            Subpose = {
                                {
                                    EasingStyle = Enum.EasingStyle.Linear,
                                    Name = "Left Leg",
                                    Weight = 1,
                                    CFrame = CFrame.new(0, 0.0315077305, 0, 1, 0, 0, 0, 0.999999762, 0, 0, 0, 1),
                                    EasingDirection = Enum.EasingDirection.In
                                },
                                {
                                    EasingStyle = Enum.EasingStyle.Linear,
                                    Name = "Right Leg",
                                    Weight = 1,
                                    CFrame = CFrame.new(0, 0.0254007578, 0, 1, 0, 0, 0, 0.999999762, 0, 0, 0, 1),
                                    EasingDirection = Enum.EasingDirection.In
                                },
                                {
                                    EasingStyle = Enum.EasingStyle.Linear,
                                    Name = "Left Arm",
                                    Weight = 1,
                                    CFrame = CFrame.new(-3.49711627e-07, -0.00587049127, -1.1920929e-07, 0.999957025, 0.000458999944, -0.00923100021, -0.000410999928, 0.999985754, 0.00519699929, 0.009234, -0.00519299926, 0.999943972),
                                    EasingDirection = Enum.EasingDirection.In
                                },
                                {
                                    EasingStyle = Enum.EasingStyle.Linear,
                                    Name = "Right Arm",
                                    Weight = 1,
                                    CFrame = CFrame.new(-3.44123691e-07, -0.00306761265, -5.96046448e-08, 0.999975026, -0.00486399885, 0.00515699992, 0.00484199915, 0.999979734, 0.00418499904, -0.00517700007, -0.00415999908, 0.999978006),
                                    EasingDirection = Enum.EasingDirection.In
                                },
                                {
                                    EasingStyle = Enum.EasingStyle.Linear,
                                    Name = "Head",
                                    Weight = 1,
                                    CFrame = CFrame.new(-7.31849994e-08, 0, -2.68220901e-07, 1, -3.40000006e-05, 0, 3.40000006e-05, 0.999991, 0.00430499995, 0, -0.00430499995, 0.999991),
                                    EasingDirection = Enum.EasingDirection.In
                                }
                            },
                            EasingDirection = Enum.EasingDirection.In
                        }
                    },
                    EasingDirection = Enum.EasingDirection.In
                }
            },
            Name = "Keyframe",
            Time = 0.40000000596046
        },
        {
            Pose = {
                {
                    EasingStyle = Enum.EasingStyle.Linear,
                    Name = "HumanoidRootPart",
                    Weight = 1,
                    CFrame = CFrame.new(0, 0, 0, 1, 0, 0, 0, 1, 0, 0, 0, 1),
                    Subpose = {
                        {
                            EasingStyle = Enum.EasingStyle.Linear,
                            Name = "Torso",
                            Weight = 1,
                            CFrame = CFrame.new(0, 0, -0.0346850008, 1, 0, 0, 0, 1, 0, 0, 0, 1),
                            Subpose = {
                                {
                                    EasingStyle = Enum.EasingStyle.Linear,
                                    Name = "Left Leg",
                                    Weight = 1,
                                    CFrame = CFrame.new(0, 0.0321287513, 0, 1, 0, 0, 0, 0.999999762, 0, 0, 0, 1),
                                    EasingDirection = Enum.EasingDirection.In
                                },
                                {
                                    EasingStyle = Enum.EasingStyle.Linear,
                                    Name = "Right Leg",
                                    Weight = 1,
                                    CFrame = CFrame.new(0, 0.0259017348, 0, 1, 0, 0, 0, 0.999999762, 0, 0, 0, 1),
                                    EasingDirection = Enum.EasingDirection.In
                                },
                                {
                                    EasingStyle = Enum.EasingStyle.Linear,
                                    Name = "Left Arm",
                                    Weight = 1,
                                    CFrame = CFrame.new(1.61584467e-07, -0.0112549067, 1.1920929e-07, 0.999918997, 0.00168499979, -0.0126520004, -0.00162299979, 0.999986768, 0.00488799904, 0.0126599995, -0.00486699911, 0.99990797),
                                    EasingDirection = Enum.EasingDirection.In
                                },
                                {
                                    EasingStyle = Enum.EasingStyle.Linear,
                                    Name = "Right Arm",
                                    Weight = 1,
                                    CFrame = CFrame.new(-1.03376806e-07, -0.0050381422, 5.96046448e-08, 0.999949992, -0.00644599926, 0.00768300006, 0.00642299885, 0.999974787, 0.00303699961, -0.00770199997, -0.00298699946, 0.999966025),
                                    EasingDirection = Enum.EasingDirection.In
                                },
                                {
                                    EasingStyle = Enum.EasingStyle.Linear,
                                    Name = "Head",
                                    Weight = 1,
                                    CFrame = CFrame.new(1.25560291e-08, -8.14907253e-10, -3.57627869e-07, 1, -0.000668999972, 0, 0.000668999972, 0.999994993, 0.00295199989, -1.99999999e-06, -0.00295199989, 0.999996006),
                                    EasingDirection = Enum.EasingDirection.In
                                }
                            },
                            EasingDirection = Enum.EasingDirection.In
                        }
                    },
                    EasingDirection = Enum.EasingDirection.In
                }
            },
            Name = "Keyframe",
            Time = 0.44999998807907
        },
        {
            Pose = {
                {
                    EasingStyle = Enum.EasingStyle.Linear,
                    Name = "HumanoidRootPart",
                    Weight = 1,
                    CFrame = CFrame.new(0, 0, 0, 1, 0, 0, 0, 1, 0, 0, 0, 1),
                    Subpose = {
                        {
                            EasingStyle = Enum.EasingStyle.Linear,
                            Name = "Torso",
                            Weight = 1,
                            CFrame = CFrame.new(0, 0, -0.0334220007, 1, 0, 0, 0, 1, 0, 0, 0, 1),
                            Subpose = {
                                {
                                    EasingStyle = Enum.EasingStyle.Linear,
                                    Name = "Left Leg",
                                    Weight = 1,
                                    CFrame = CFrame.new(0, 0.0309587717, 0, 1, 0, 0, 0, 0.999999762, 0, 0, 0, 1),
                                    EasingDirection = Enum.EasingDirection.In
                                },
                                {
                                    EasingStyle = Enum.EasingStyle.Linear,
                                    Name = "Right Leg",
                                    Weight = 1,
                                    CFrame = CFrame.new(0, 0.0249587297, 0, 1, 0, 0, 0, 0.999999762, 0, 0, 0, 1),
                                    EasingDirection = Enum.EasingDirection.In
                                },
                                {
                                    EasingStyle = Enum.EasingStyle.Linear,
                                    Name = "Left Arm",
                                    Weight = 1,
                                    CFrame = CFrame.new(2.28174031e-07, -0.021243751, -2.38418579e-07, 0.999812007, 0.00397599908, -0.0190009996, -0.00389699964, 0.999983788, 0.00418599928, 0.0190169998, -0.00411099894, 0.999810994),
                                    EasingDirection = Enum.EasingDirection.In
                                },
                                {
                                    EasingStyle = Enum.EasingStyle.Linear,
                                    Name = "Right Arm",
                                    Weight = 1,
                                    CFrame = CFrame.new(1.12690032e-07, -0.007804811, -3.57627869e-07, 0.999900997, -0.00856799819, 0.0111910002, 0.00855499785, 0.999962747, 0.00127599982, -0.0112009998, -0.00117999979, 0.999936998),
                                    EasingDirection = Enum.EasingDirection.In
                                },
                                {
                                    EasingStyle = Enum.EasingStyle.Linear,
                                    Name = "Head",
                                    Weight = 1,
                                    CFrame = CFrame.new(-1.15699002e-07, -1.20053301e-10, 0, 0.999997973, -0.00196100003, 0, 0.00196100003, 0.999997973, 0.000118000004, 0, -0.000118000004, 1),
                                    EasingDirection = Enum.EasingDirection.In
                                }
                            },
                            EasingDirection = Enum.EasingDirection.In
                        }
                    },
                    EasingDirection = Enum.EasingDirection.In
                }
            },
            Name = "Keyframe",
            Time = 0.5
        },
        {
            Pose = {
                {
                    EasingStyle = Enum.EasingStyle.Linear,
                    Name = "HumanoidRootPart",
                    Weight = 1,
                    CFrame = CFrame.new(0, 0, 0, 1, 0, 0, 0, 1, 0, 0, 0, 1),
                    Subpose = {
                        {
                            EasingStyle = Enum.EasingStyle.Linear,
                            Name = "Torso",
                            Weight = 1,
                            CFrame = CFrame.new(0, 0, -0.0317340009, 1, 0, 0, 0, 1, 0, 0, 0, 1),
                            Subpose = {
                                {
                                    EasingStyle = Enum.EasingStyle.Linear,
                                    Name = "Left Leg",
                                    Weight = 1,
                                    CFrame = CFrame.new(0, 0.0293957591, 0, 1, 0, 0, 0, 0.999999762, 0, 0, 0, 1),
                                    EasingDirection = Enum.EasingDirection.In
                                },
